3 83 88 97 42 
7 35 63 8 61 
54 93 77 72 29 
60 33 80 37 76 
53 39 89 98 19 
58 98 32 2 48 
68 69 15 94 82 
83 37 87 53 41 
39 95 54 57 60 
87 20 78 46 88 
69 87 75 90 80 
85 37 67 69 32 
4 69 10 74 65 
72 65 8 80 41 
31 33 95 100 43 
65 83 22 25 19 
47 12 19 99 35 
44 18 60 76 54 
86 77 96 94 19 
20 14 76 32 52 
81 76 2 32 87 
18 42 53 54 23 
48 87 21 54 91 
61 60 54 59 59 
4 59 70 89 83 
47 12 23 14 17 
98 28 6 66 5 
60 46 100 25 58 
29 74 76 14 20 
98 26 36 42 43 
22 5 15 23 86 
16 64 26 28 30 
45 68 73 95 47 
100 41 14 81 94 
41 87 97 45 10 
3 59 10 58 56 
21 84 43 28 51 
49 52 61 24 41 
36 95 14 42 60 
65 82 25 73 6 
71 20 31 80 97 
58 73 16 83 35 
68 58 6 89 99 
98 26 24 22 36 
33 65 40 40 99 
28 23 15 81 31 
90 80 10 15 65 
34 97 5 17 47 
45 26 77 41 16 
57 94 100 33 30 
86 10 45 5 91 
83 18 100 98 17 
63 70 8 15 16 
37 77 5 94 96 
96 90 55 58 19 
14 39 73 15 11 
83 63 90 74 16 
14 89 6 23 20 
13 34 85 44 9 
5 54 32 17 32 
11 76 95 31 61 
51 71 60 16 69 
15 53 3 17 80 
24 36 96 95 34 
100 55 92 86 17 
39 44 77 24 87 
55 35 88 88 32 
95 73 9 2 95 
50 88 89 63 16 
13 70 41 27 43 
72 7 11 25 91 
30 37 16 79 34 
2 26 90 82 61 
26 7 74 85 20 
18 40 77 47 2 
41 67 84 15 41 
76 98 97 53 10 
83 54 1 49 78 
10 41 7 89 29 
38 79 91 20 88 
42 28 65 82 77 
66 97 3 80 65 
18 74 75 37 2 
68 2 15 93 39 
75 94 71 31 25 
81 66 19 73 59 
1 45 96 18 33 
62 83 48 3 64 
39 44 13 58 77 
94 34 92 18 79 
56 53 49 8 55 
6 86 68 8 92 
95 73 49 81 6 
56 96 39 38 66 
87 98 99 97 91 
93 93 63 42 85 
45 53 15 78 38 
39 40 51 23 12 
86 73 78 18 74 
47 42 16 89 41 
98 44 38 47 17 
68 91 98 43 12 
77 63 2 83 74 
91 43 84 10 58 
79 16 50 79 97 
5 68 25 62 93 
27 81 32 73 8 
13 61 2 59 21 
64 43 40 21 86 
88 13 23 38 7 
40 3 80 28 35 
13 16 47 24 41 
15 11 24 22 23 
94 80 74 47 21 
26 35 70 34 22 
21 17 61 68 30 
53 19 87 82 76 
64 25 15 39 52 
17 5 52 75 19 
1 7 23 94 60 
38 51 68 19 23 
33 44 65 98 28 
56 89 23 13 30 
2 32 76 88 46 
71 28 1 55 7 
39 35 89 72 51 
51 5 44 27 69 
74 39 14 5 42 
7 3 63 36 89 
24 66 81 99 89 
48 77 11 90 65 
80 14 61 42 47 
91 79 75 58 11 
25 21 79 60 39 
14 96 38 60 86 
1 18 2 62 62 
87 81 100 25 47 
11 43 77 58 36 
75 26 15 75 41 
83 24 13 80 26 
88 52 78 79 100 
33 61 90 22 9 
71 12 46 6 94 
41 24 70 55 60 
91 36 38 86 96 
22 33 60 2 63 
13 40 50 11 94 
67 13 49 61 95 
9 25 76 12 29 
23 1 77 25 16 
80 46 21 73 99 
8 26 93 13 20 
47 56 82 44 35 
46 81 20 84 80 
28 55 56 43 74 
75 88 92 77 90 
14 5 75 78 7 
19 22 15 10 51 
90 33 89 75 91 
47 22 25 12 98 
6 87 32 54 78 
95 93 79 15 33 
2 40 63 61 63 
10 50 2 91 43 
95 46 47 38 29 
7 10 28 23 89 
3 69 48 16 95 
73 31 41 12 73 
21 19 40 85 65 
67 29 89 58 47 
18 25 30 11 37 
66 51 46 64 95 
18 78 85 80 67 
9 59 3 47 84 
99 65 91 12 56 
51 87 71 84 10 
39 61 99 73 1 
33 87 67 54 60 
93 89 55 100 38 
73 66 49 18 45 
7 89 47 35 1 
34 44 94 81 39 
25 55 53 52 46 
5 34 62 42 15 
64 91 85 69 91 
26 71 98 67 24 
78 53 86 91 64 
54 83 4 5 77 
59 89 79 98 83 
40 79 51 60 75 
45 23 